%YAML:1.0
---
image_width: 3280
image_height: 2464
camera_matrix: !!opencv-matrix
   rows: 3
   cols: 3
   dt: d
   data: [ 1.1642185371830324e+03, 0., 1.6625098807682714e+03, 0.,
       1.1645036678113613e+03, 1.2170786800318006e+03, 0., 0., 1. ]
distortion_coefficients: !!opencv-matrix
   rows: 1
   cols: 5
   dt: d
   data: [ -2.4181769938627334e-01, 5.8653995083099326e-02,
       8.4650077651566061e-04, 2.7466061813867905e-04,
       -6.1956679930553812e-03 ]
